rewards

expert:
[183.016205077417, 269.07884725470257, 229.02570962479967, 234.3788168989678, 223.71548236902603, 203.9194714787574, 243.01901966168802, 240.65218718735125, 210.487134449402, 228.70126406089332, 228.27749544287897, 245.1341059067248, 252.02656640257945, 215.9217694352052, 215.85115688412432, 204.80085880826311, 235.12811895074438, 251.9910735548629, 215.30937954292222, 195.3632805061838, 227.04741913562955, 225.4541461774357, 215.37082203287468, 237.18029909871456, 233.0885178491239, 197.93888659999857, 238.1667297452153, 230.71035458135012, 220.0480008384614, 246.94660804270848, 224.25095915745405, 248.375572646605, 195.05572992988812, 219.87146854664928, 207.39622982508945, 215.48517328332284, 198.65491163231877, 187.9779170933406, 211.18590990638808, 234.51713316941658, 233.6363062348159, 253.22232827128806, 233.67429845587182, 252.99301855853778, 254.25436932282398, 230.29731474941642, 190.05374513293987, 241.2598367507439, 215.7982732365488, 180.81097165051827]
average: 224.5304239030596
std: 20.33292361105552


100 ep:
[238.05992196586155, 216.54636702561925, 215.37691744190371, 203.23766785379271, 182.2682300071229, 227.49315180466044, 198.34060696589552, 199.04043171345285, 204.18654133212385, 229.10981819978372, 222.34156912396517, 207.88771799649288, 194.31568039742677, 220.3136472233901, 210.99888208613356, 219.27402316809008, 254.90860162376936, 229.36111136087067, 218.96985750819013, 187.7234814362503, 199.04229638581916, 212.29726346090024, 194.5113198718825, 252.51321860970887, 203.643087514767, 202.92763978675947, 207.4078343050947, 228.07312143706443, 242.8205767018087, 203.33669316041207, 237.86138980087566, 220.98463882985757, 183.86564726713442, 230.09058643289333, 247.35418150604454, 233.3357914845579, 208.31753425276673, 206.1666842277978, 242.65188798555968, 231.03859584653196, 177.09933272420437, 244.51522552672847, 214.74928558446084, 240.89706314421932, 194.507391875522, 196.20112378363632, 242.31424863606625, 219.29732541270806, 244.93399012139722, 225.24214069997117]
average: 217.35502685223895
std: 19.4561473540974

50 ep:
[221.74825615259334, 228.1029169456943, 227.53723245034166, 245.51885158520054, 237.15866737780317, 238.00508053398528, 217.75890170016896, 257.5705067426209, 206.82883772148998, 192.08460422325743, 207.83081564959315, 246.20659335395752, 208.68393990596144, 225.97741488749034, 191.21890562183032, 259.4085435277505, 216.21756990748048, 229.3535147995204, 177.6980741940095, 256.9514796823438, 241.82167968153294, 252.59441832023174, 239.80336099051075, 199.7427570932487, 220.50861087142252, 217.88346862726442, 210.15923570576297, 217.87803997448256, 203.6689619623339, 225.1155900639795, 221.56934445645427, 238.94810522084035, 242.06663215398027, 199.4321035628201, 189.69783530680587, 208.45392316170484, 230.41538480484013, 248.0590991521569, 222.16259480666307, 238.69973659007076, 216.7756763394117, 193.46160975440904, 193.41076423582803, 236.3086474277188, 245.88631448289098, 256.387228974948, 219.34201627996302, 221.17691939239677, 208.16519230523437, 241.07500120362445]
average: 223.85061919733252
std: 20.12014757054997

10 ep:
[-344.21213579774724, -510.0504575093004, -343.95521331679015, -233.41752370899835, 203.54818978346714, -320.77895987599464, -330.05552257398847, -305.52685117924267, -346.9727795773906, -345.3933374639053, -394.6249091780696, -373.29632120052344, -196.37001835684254, 187.23516428034324, -267.937038846978, -350.3512582064436, -319.764383672974, -159.37697322856147, -230.85093480283598, -349.8577367474056, -315.85610636897457, -219.88630273892608, -99.9298605873498, -342.73564119120033, -232.11825986478428, -326.06424853856225, -313.08025952931257, -223.60361045977612, -366.20163913183404, -173.29102533191625, -313.1485359827468, -347.07584445857987, -349.36710912237515, -319.4928839781046, -314.28316247011435, -671.0040921889104, -357.49528761969555, -317.1400098979743, -84.31880470725642, -331.00169041493496, -206.55404812162718, -334.5136633589558, -345.61943332223643, -353.195571893875, -248.59265242176699, -386.0307496960873, -318.2761130138814, -138.0756240243523, -338.2865594379289, -355.656641711693]
average: -287.4780886553182
std: 136.20861679115734

1 ep:
[-735.1114664903671, -918.7216359291516, -515.1182124237507, -763.5778336181435, -643.3629359268557, -451.73867810725113, -462.6003242668634, -758.61255063488, -1833.595991748587, -844.4647458227777, -1294.4036187604793, -518.021442637793, -2689.022884276021, -594.2895795220454, -1938.4800270131236, -2994.561030564706, -632.785400937152, -558.1458806451294, -526.8018750996721, -1355.2223477033447, -1463.150400912453, -628.9591710403947, -452.2310376112964, -641.5576268444704, -376.7773555458028, -422.55980210129877, -543.3837930429049, -694.0179378437409, -748.6975212164591, -547.270622721317, -1452.2602700430298, -578.454632690421, -548.2775169598533, -866.2202879108754, -1318.7901914805982, -457.7797009393424, -540.1028511661586, -1243.7023359571729, -528.7120950156701, -359.4291968939479, -506.9595137748191, -845.5237487256591, -690.4165745144795, -316.22787713983564, -756.2101851114004, -542.2460335559085, -491.6165185962076, -498.70879436142116, -535.096742436845, -471.7534952188915]
average: -821.9146458700154
std: 551.9374073793043
